
0, 1, 3 ,	#0
3, 4, 5,	#12
5, 9, 14,	#5
2, 5, 9 ,	#4
5, 8, 12,	#11
10,11,12,	#15
11,12,13,	#16
4, 7, 11,	#7
1, 3, 6 ,	#1
2, 5, 9 ,	#4
0, 2, 5 ,	#3
3, 4, 5 ,	#12
0, 1, 3 ,	#0




0, 1, 3 ,	#0
1, 3, 6 ,	#1
3, 6, 10,	#2
0, 2, 5 ,	#3
2, 5, 9 ,	#4
5, 9, 14,	#5
2, 4, 7 ,	#6
4, 7, 11,	#7
1, 4, 8 ,	#8
4, 8, 13,	#9
3, 7, 12,	#10
5, 8, 12,	#11
3, 4, 5 ,	#12
6, 7, 8 ,	#13
7, 8, 9 ,	#14
10,11,12,	#15
11,12,13,	#16
12,13,14	#17



Valid move
				0	

			1====<|	2	

		3		4		5====<|

	6		7		8		9	

10		11		12		13====<|14====<|



